lastAccountName: Zebie1
timestamps:
  login: 1570417874876
  logout: 1570417901761
ipAddress: 25.26.204.75
logoutlocation:
  world: world
  x: -8.961194890228644
  y: 77.27749878681622
  z: 62.99234462004853
  yaw: -35.33662
  pitch: 37.834682
